517125479
520959540
517156107
517156106
497881291
518364479
427164276
503287631
3306856
522311944
514899463
3778011
519308586
516203695
497881290
499678516
496016865
516706177
493683952
421022419
491293825
472113713
500376789
433363674
427675419
516393051
494029759
30540153
504271898
493707564
490780376
3387407
449495994
521043302
471606727
421404293
506643091
3800162
2150697
3318679
511198651
480717292
508164862
489589923
499040742
5035960
501971905
506708031
503287633
464145445
470847354
2833747
456421597
30994623
80279378
439141578
512780061
448241048
449928712
516706777
499039567
446012174
447338636
507334871
518580524
30680805
452882194
515920243
515199309
31501137
478654987
466363497
504271901
4551006
453434290
9009725
499998995
487807907
495593162
501942520
452706240
489385475
449848565
477679402
452943029
2503537
30598121
457668976
473157263
1584642
1621583
475102849
506121706
517151993
456381579
458885708
30512359
446736270
453344141
433206579
30944380
511855603
472628550
481194469
80356222
451501206
80270962
19807
511409336
506896963
435475350
520277695
499764273
449531892
432062895
477554883
464487240
421168131
30141845
469606228
433359099
2520251
30482622
435279872
433362250
496276380
31009023
477972246
30713225
31290534
486596159
502874983
2746407
3302757
465516274
3191346
506164255
30269202
453446101
4669063
421221876
433711797
472299627
445760515
30879244
495865439
440376653
458909598
80045183
30810187
80208791
455173980
2503542
509266
2586724
491083614
485696618
485280603
493493013
4679944
502554635
464926472
433494783
478276307
4374514
501971906
3445694
502554634
496276383
424478580
440095877
453616612
445955356
80076144
31390864
436280598
481194470
470032512
427182485
80062911
31247824
499040744
427002731
443615873
31082191
503287640
452603693
433090157
80089182
452194534
3762082
482502888
523161153
464248986
460147402
513451765
487090483
492497625
1765808
1660061