517125479
517156107
497881291
518364479
516203695
427164276
503287631
514899463
497881290
516393051
427675419
499678516
517156106
516706177
493683952
30540153
496016865
504271898
511198651
494029759
490780376
500376789
493707564
508164862
491293825
506643091
471606727
501971905
499040742
512780061
31501137
503287633
480717292
515199309
472113713
3387407
506708031
470847354
489589923
456421597
507334871
448241048
30994623
449928712
446012174
478654987
515920243
452706240
464145445
501942520
504271901
466363497
499039567
4551006
477679402
516706777
447338636
487807907
499998995
495593162
449848565
489385475
9009725
517151993
511409336
440095877
446736270
30598121
452943029
458885708
456381579
457668976
506121706
435475350
473157263
506896963
518580524
481194469
472628550
516691336
499764273
2746407
475102849
453344141
519308586
3306856
491083614
30784473
506164255
513451765
4669063
477554883
451501206
511855603
485696618
464487240
30810187
80270962
433359099
469606228
30141845
465516274
502874983
435279872
30713225
486596159
512776269
3762082
449495994
3778011
496276380
453446101
460147402
452882194
520277695
495865439
477972246
487090483
501971906
502554634
19807
31290534
478276307
433711797
421022419
458909598
440376653
31390864
485280603
31009023
503287640
455173980
464248986
457696897
496276383
80045183
30512359
445760515
472299627
4679944
30269202
516516364
427304722
5187028
481194470
427182485
453616612
30807240
502554635
5035960
509266
31082191
496276382
519308942
445955356
4840292
470032512
80089182
433090157
30694752
434431201
452603693
1765808
452194534
424613103
1584642
427380231
475610185
30698526
80076144
80356222
31247824
447373123
436280598
492497625
481197988
2343004
459211094
30680805
31240030
464926472
427297213
501949028
516384634
427002731
472012325
433468306
482502888
3445694
455859644
443615873
472380318
456054220
80284748
3527093
464224637
30824307
80062911
449178157
453616610
493493013
31360122
449434480
80243241
493683946
80208791
473249232
499040744
447058983
448600153
1621583
453146293
444604702
421127242
500087536
496276379
433363674
448740186
3511609
30344896
2150697
433739613
3650861
30437141
443774139
3191346
3318679
484734613
30724970
420850028
484810910
489055
30695454
518822541
496105288
2708275
444873509
443296756
80085182
429002412
465262593
2741975
509742040
496276381
5179449
49326
453405823
477677918
474896759
4898932
519929777
30370430
4535683
493683954
446848267
472380316
446732349
30506346
520062952
435456749
434496029
447580097
446603195
2102987
502247371
531840
446119091
496865227
427416365
437461917
470022712
427002823
519620
484729419
421404293
31517011
493366263
30800129
435475348
461163710
439372196
519929495
458657255
80279378
506935960
480179215
450070626
446675667
2761616
460142091
5488212
445347532
461163711
453527357
454591849
71992
1006642
534252
434101970
80204348
30951564
448600775
460245511
481824233
2708278
460033704
496276384
453616620
3710083
441000960
445486823
1660061
30482622
480719969
31527735
458167128
1815689
455104961
4352347
77694
472030708
519144618
2833747
440304002
459837184
424655472
2526007
2836667
1550049
439331936
456450224
111209
515649705
460396
4818012
30725983
80081836
457532841
434455473
506732057
316434
458908684
438583806
498270754
435845292
514109242
512797035
2074303
5444351
30574256
31258117
420647736
447579901
4669066
435466651
475895171
453616618
464054083
427067493
453400892
473074348
5262784
30489734
4535733
1554494
2586724
516804897
483877071
495865441
422357482
1394073
30634408
456648199
30266054
455437866
450478483
1814844
31396441
31396267
3800162
1531081
464715845
511582899
3588973
451167871
432062099
433711832
446771232
424603586
439141578
2509448
453256611
4844915
30984692
435466654
538118
445148279
4374514
30872543
315876
30172141
2017953
451292862
449144642
501949035
420534
432834868
5502261
418598
446917276
516706781
513195586
448034187
80025475
442464791
1788702
466785453
452454563
80330805
5469203
453617028
456102086
453616616
3233590
483705503
80386256
2596340
80331364
427273991
30307753
2836665
446083081
5041037
427127689
91310
505944884
30848289
427218131
506708032
509832872
80233325
31226688
473907266
456966857
433977787
515012387
455013204
30632853
512780062
30425547
503150810
30179569
496105287
433552516
420505876
30647458
468168353
506107535
4745563
435880675
519291371
485814342
30180551
30065167
30547148
460259658
420424
2270482
517527431
66470
430761
2444885
459214822
2619301
30293851
4697404
514577887
30944380
2406673
446677333
454522696
80311691
47133
30770701
1704840
464087208
30896674
2586720
30047200
464173477
2089352
513670153
30768728
31233703
30285786
520058508
2150694
30862934
434101826
30775614
4779840
500091181
449213039
31281098
503548841
456054221
446189474
493362301
435400345
459205185
31061679
447525418
421160356
500376790
80076141
427246836
427411363
509132735
486231364
435400344
4436937
315872
448597450
30378422
471037331
500899731
80297732
2781914
490684815
433859135
10434
80301060
455667759
3604505
80038361
486664732
459431585
2430848
449531892
5570842
446656845
2365743
31396266
8302
475087022
4870462
30482621
512780067
31139769
3769764
80335069
3454145
30143636
2256172
2692334
432062895
2512682
2503537
449534537
71581
516713836
427206441
80000600
519929497
427664823
449661011
444609090
482127114
455656203
420731351
1008159
447663060
4995784
418253
439076607
9503390
2376722
313555
427384939
83437
2256162
450477655
455104960
2756707
436279637
512584756
513195588
519308943
3454146
1851884
507640676
436268616
3455796
30210331
3695726
30654970
450669844
31107977
30137632
478564244
444873515
496105290
469618890
31264762
466863193
508581745
104184
30801150
80142847
2506917
431986000
498266129
30782775
73737
2736781
453643407
516505502
1851892
3322699
2692336
435721112
450547708
434391787
3302757
30840806
478654988
515272967
9573
30321000
5113746
459115300
457400821
30365510
435403001
445087819
478114591
89806
2615580
444604710
4592977
472628552
449660876
30436007
444025551
505050752
456088291
3336354
506038569
512393233
30404027
80076137
462423361
435367409
31021699
1708681
444873516
3185829
518972277
467182208
489709493
80031819
3743
4321680
4875490
5222062
80160231
2756688
463862205
449213036
516923313
3537566
421187089
30670796
433469201
452143852
498581061
506720136
434451406
420747912
514993573
450070628
483933923
3563208
30075572
444377900
31131169
430981
2437594
31513323
504462213
62829
1540960
9501321
456185613
31120687
26378
512384615
520277696
1974475
30614215
5251443
30911050
453349759
30201980
436268628
80116543
445423965
80109227
469731944
429656
80183901
30712317
446726520
1769621
433842878
480571086
433206579
493893649
445413
1825521
3546266
522852
447506675
480558500
497486363
30800125
3527091
517785248
3284519
30878339
80372930
75233
2586722
507334541
433821893
3381660
31372392
30203512
31107976
53730
456927036
4351681
2334368
455517915
420557282
420794029
424602725
445958838
420782232
520277697
2381522
514589742
440930863
80062602
1516479
451685347
439730653
507328756
451201527
424664763
447399781
31100085
437491960
446752350
473155639
454051027
440449963
30677539
433855612
485716
424655960
314171
448717471
30453364
421221876
80061067
446439912
469890283
87447
500378331
518929938
512782791
476318496
446243689
31241990
1599327
3657475
433740836
513910947
451834853
461480842
530124
313563
440580297
30504020
448700644
427185279
430978
501263690
487199075
30135598
66966
424267791
501092622
433715066
23437
446843532
469780
3563213
30190492
1899409
473157264
47134
500389210
30535733
80081831
31454805
448599227
474625890
62462
431986249
31507323
452410481
2797847
455751396
1552545
435611645
446522559
424478580
4833951
1394075
3678165
464729712
4762573
456450319
516713837
457233668
3146525
466786365
5524883
471151409
30539848
422565560
449660075
2749302
444810142
4693946
478654990
2330962
1788701
464927205
1796083
464826122
79603
450931514
80301393
520277699
420832571
4277616
1735468
4502604
91320
492577480
3599756
31427422
455283936
503339
81013
444914619
30623763
38547
475604821
470460519
470362738
433851219
4418251
487565364
51547
80361571
499957953
31501131
25890733
3259177
451727879
30632861
30684778
2781912
30930536
507338536
438582566
434410596
447506671
2420189
30838584
420505877
3408187
446681845
449900116
80272434
441254812
30097161
1941430
518236944
30233414
31120688
434461927
30147879
431387789
432059072
487933608
2945948
508569342
2520251
427245204
500372798
103858
427037623
67266
520277698
444424
30473328
80142887
4595845
466205625
4607105
80353913
520277700
30220207
3744882
31524304
1691841
439237536
30869220
30923739
427351618
3081018
452707229
1513051
31501141
422671382
1586892
448794856
38667
4779842
30919400
3612886
494575060
420503534
500839724
17282
420647536
1394069
459101700
4479093
427675420
519173226
433711831
450327677
80245255
2605791
464780364
31309023
3511605
518937347
519308944
80296718
9502515
2406277
80204051
91324
519311153
80208787
446201803
31299324
423662075
444382394
497233351
85674
4321400
519901131
518605662
461748550
518592111
485696614
512377122
512780060
437188461
433712118
452194541
31261857
444258321
1898221
31272005
499039356
458907845
1817921
437937700
30225462
434439466
1976755
